I
1130 Generated by WorldEditor 2.5.2r1

1     94 0 0 ENSB Svalbard Longyear
1302 city Longyearbyen
1302 country NOR Norway
1302 datum_lat 78.246111111
1302 datum_lon 15.465555556
1302 faa_code 
1302 gui_label 3D
1302 iata_code LYR
1302 icao_code ENSB
1302 region_code EN
1302 state Svalbard
1302 transition_alt 5000
100 45.72 1 0 0.25 1 3 0  10  78.24919843  015.41088075 219 0 3 10 0 0 28  78.24329659  015.51644052 120 0 3 10 0 0
102 H1  78.24675656  015.48639832 104.8 35.00 35.00 15 0 0 0.25 0
110 5 0.00 0.0 New Taxiway 1
112  78.24252461  015.50621955  78.24248770  015.50613848
112  78.24246147  015.50660106  78.24245370  015.50676320
112  78.24243913  015.50734500  78.24246439  015.50739746
112  78.24249644  015.50722101  78.24251102  015.50699211
114  78.24253142  015.50662967  78.24254404  015.50646276
110 5 0.00 0.0 New Taxiway 5
111  78.24308185  015.51552877
111  78.24260903  015.51629452
111  78.24260903  015.51647160
113  78.24307015  015.51570107
110 1 0.00 0.0 New Taxiway 3
111  78.24336422  015.51055808
111  78.24321120  015.51033063
111  78.24317265  015.51095547
113  78.24332566  015.51118291
110 5 0.00 0.0 New Taxiway 2
111  78.24792095  015.42934576
111  78.24706100  015.42820602
112  78.24705897  015.42771956  78.24708323  015.42749122
112  78.24721867  015.42674663  78.24723080  015.42657785
111  78.24730719  015.42502510
111  78.24698213  015.42462015
112  78.24695304  015.42629991  78.24693363  015.42658583
112  78.24683661  015.42811071  78.24682690  015.42840853
112  78.24687300  015.42933775  78.24691666  015.42951644
111  78.24697003  015.42957601
111  78.24702340  015.42859914
112  78.24710402  015.42843915  78.24717908  015.42853012
113  78.24790394  015.42953845
110 5 0.00 0.0 New Taxiway 4
111  78.24321241  015.51036852
112  78.24295894  015.50992341  78.24285756  015.50977026
112  78.24264460  015.50966453  78.24252371  015.50960710
111  78.24244085  015.50957359
112  78.24240477  015.50974110  78.24240575  015.50991817
112  78.24244572  015.50990860  78.24246619  015.50990381
112  78.24252859  015.50976024  78.24256368  015.50978417
112  78.24286394  015.50998998  78.24295753  015.51010006
113  78.24320394  015.51053391
110 1 0.25 105.3 Taxiway
112  78.24304122  015.51633870  78.24304790  015.51634745
111  78.24304122  015.51633870
112  78.24304122  015.51633870  78.24312248  015.51644523
112  78.24366642  015.51715931  78.24367481  015.51717132
111  78.24366642  015.51715931
112  78.24366642  015.51715931  78.24367550  015.51717231
112  78.24368533  015.51707659  78.24368761  015.51703534
111  78.24368533  015.51707659
112  78.24368533  015.51707659  78.24370408  015.51673760
112  78.24379905  015.51502233  78.24380395  015.51492961
111  78.24379905  015.51502233
112  78.24379905  015.51502233  78.24380454  015.51491833
112  78.24369633  015.51408066  78.24369947  015.51401132
111  78.24446843  015.50025147
112  78.24446843  015.50025147  78.24450881  015.49969195
112  78.24475907  015.49952443  78.24490100  015.49970726
111  78.24475907  015.49952443
112  78.24528298  015.50017004  78.24532113  015.50021909
112  78.24534953  015.50098378  78.24533682  015.50124908
111  78.24534953  015.50098378
112  78.24534953  015.50098378  78.24533776  015.50122927
112  78.24518064  015.50399006  78.24516028  015.50434759
111  78.24518064  015.50399006
112  78.24518064  015.50399006  78.24517790  015.50403414
112  78.24518724  015.50404645  78.24519289  015.50405541
111  78.24582541  015.50488699
112  78.24582541  015.50488699  78.24587559  015.50495331
112  78.24586931  015.50530887  78.24585709  015.50554416
111  78.24586931  015.50530887
111  78.24590767  015.50536100
111  78.24601064  015.50347647
111  78.24614068  015.50142502
111  78.24618552  015.50148227
111  78.24623853  015.50045687
111  78.24619790  015.50040135
111  78.24692878  015.48735999
111  78.24694324  015.48710168
111  78.24705706  015.48506723
112  78.24635429  015.48411194  78.24634684  015.48410149
112  78.24633562  015.48414543  78.24633361  015.48418031
111  78.24633562  015.48414543
112  78.24633562  015.48414543  78.24631838  015.48444515
112  78.24621359  015.48632117  78.24620301  015.48651166
111  78.24621359  015.48632117
112  78.24621359  015.48632117  78.24620215  015.48652718
112  78.24617539  015.48659757  78.24614878  015.48654454
112  78.24612896  015.48645506  78.24611019  015.48636288
111  78.24612896  015.48645506
112  78.24612896  015.48645506  78.24611148  015.48636923
112  78.24607925  015.48610023  78.24606855  015.48599671
111  78.24607925  015.48610023
112  78.24607925  015.48610023  78.24603567  015.48567876
112  78.24603482  015.48497379  78.24602696  015.48468137
111  78.24603482  015.48497379
111  78.24597094  015.48237135
112  78.24597094  015.48237135  78.24591553  015.48095756
112  78.24565291  015.48028546  78.24561863  015.48018190
112  78.24561417  015.47973881  78.24562042  015.47962692
111  78.24561417  015.47973881
112  78.24561417  015.47973881  78.24563291  015.47940357
112  78.24931670  015.41347409  78.24932170  015.41338265
112  78.24943305  015.41276135  78.24948573  015.41246250
111  78.24943305  015.41276135
112  78.24943305  015.41276135  78.24948145  015.41248676
112  78.24951289  015.41116830  78.24951351  015.41114628
112  78.24950942  015.41111354  78.24950567  015.41110807
111  78.24950942  015.41111354
112  78.24950942  015.41111354  78.24950584  015.41110831
112  78.24897105  015.41038241  78.24892668  015.41032077
111  78.24897105  015.41038241
112  78.24897105  015.41038241  78.24896897  015.41037952
112  78.24896653  015.41040726  78.24896615  015.41041399
111  78.24896653  015.41040726
112  78.24896653  015.41040726  78.24890021  015.41159135
112  78.24303579  015.51626451  78.24303316  015.51629776
111  78.24303579  015.51626451
114  78.24303579  015.51626451  78.24303314  015.51629794
112  78.24550220  015.48177573  78.24552029  015.48146506
112  78.24560961  015.48144638  78.24564050  015.48152497
112  78.24575553  015.48260056  78.24576683  015.48312470
112  78.24583068  015.48566319  78.24585442  015.48646207
111  78.24583068  015.48566319
112  78.24583068  015.48566319  78.24584334  015.48608938
112  78.24596901  015.48720772  78.24604602  015.48760163
111  78.24596901  015.48720772
112  78.24596901  015.48720772  78.24603635  015.48755218
112  78.24611012  015.48776865  78.24612172  015.48780747
111  78.24611012  015.48776865
112  78.24611012  015.48776865  78.24613498  015.48785187
112  78.24614122  015.48809613  78.24612992  015.48828475
112  78.24599489  015.49068235  78.24598133  015.49090869
112  78.24592363  015.49129500  78.24588158  015.49148140
112  78.24536699  015.49374699  78.24534778  015.49381911
112  78.24523881  015.49402305  78.24518344  015.49394539
112  78.24501082  015.49370286  78.24494942  015.49362054
114  78.24490708  015.49241828  78.24493081  015.49198558
112  78.24470908  015.49595025  78.24472807  015.49560410
112  78.24494033  015.49533513  78.24500136  015.49540169
112  78.24546501  015.49603793  78.24552197  015.49611116
112  78.24559527  015.49695213  78.24557628  015.49731826
112  78.24554187  015.49794974  78.24551746  015.49839575
112  78.24533552  015.49852182  78.24527313  015.49843528
112  78.24483635  015.49788978  78.24470751  015.49772337
114  78.24465690  015.49689293  78.24467589  015.49658672
110 1 0.00 105.3 Road
111  78.24253157  015.52582320
111  78.24256820  015.52617654 70
112  78.24269980  015.52584497  78.24278071  015.52565389
111  78.24269980  015.52584497
112  78.24269980  015.52584497  78.24278970  015.52563263 70
112  78.24304618  015.52490985  78.24318259  015.52454540
111  78.24304618  015.52490985
112  78.24304618  015.52490985  78.24337307  015.52403652 70
112  78.24384441  015.52258485  78.24393255  015.52226965
111  78.24384441  015.52258485
112  78.24384441  015.52258485  78.24400243  015.52201974 70
112  78.24447540  015.51985450  78.24471181  015.51872424 70
112  78.24498540  015.51696014  78.24517118  015.51578272 70
112  78.24539936  015.51355429  78.24544248  015.51311065 70
112  78.24563455  015.51101095  78.24578577  015.50932621
111  78.24563455  015.51101095
112  78.24563455  015.51101095  78.24567945  015.51051068 70
112  78.24629287  015.50644463  78.24646368  015.50532073 70
112  78.24731394  015.50034357  78.24751238  015.49917093 70
112  78.24766672  015.49796195  78.24774022  015.49728842
111  78.24766672  015.49796195
112  78.24766672  015.49796195  78.24769824  015.49767309 70
112  78.24774958  015.49664723  78.24776758  015.49614743
111  78.24774958  015.49664723
112  78.24774958  015.49664723  78.24777355  015.49598164 70
112  78.24775981  015.49425743  78.24773899  015.49351775 70
112  78.24750013  015.48890526  78.24746215  015.48829788
111  78.24750013  015.48890526
112  78.24750013  015.48890526  78.24746585  015.48835699 70
112  78.24739972  015.48801690  78.24738922  015.48796584
111  78.24739972  015.48801690
112  78.24739972  015.48801690  78.24739859  015.48801140 70
111  78.24738540  015.48795155
111  78.24733599  015.48830990
112  78.24731510  015.48854702  78.24733860  015.48853968
111  78.24731510  015.48854702
112  78.24731510  015.48854702  78.24732415  015.48855424
112  78.24741806  015.48907364  78.24744967  015.48961946
111  78.24741806  015.48907364
112  78.24741806  015.48907364  78.24742414  015.48917859 70
112  78.24744880  015.48964410  78.24746265  015.48990872
111  78.24744880  015.48964410
112  78.24744880  015.48964410  78.24746151  015.48988688
112  78.24749329  015.49050846  78.24750981  015.49083361
111  78.24749329  015.49050846
112  78.24749329  015.49050846  78.24756400  015.49190022 70
112  78.24767162  015.49431155  78.24768561  015.49480452
111  78.24767162  015.49431155
112  78.24767162  015.49431155  78.24769244  015.49504522 70
112  78.24766749  015.49656304  78.24764556  015.49715956
111  78.24766749  015.49656304
112  78.24766749  015.49656304  78.24764889  015.49706897 70
112  78.24758955  015.49773935  78.24756987  015.49791321
111  78.24758955  015.49773935
112  78.24758955  015.49773935  78.24756219  015.49798113 70
112  78.24741977  015.49897495  78.24733308  015.49954545
111  78.24741977  015.49897495
112  78.24741977  015.49897495  78.24738263  015.49921938 70
112  78.24729110  015.49978659  78.24724240  015.50008235
111  78.24729110  015.49978659
112  78.24729110  015.49978659  78.24727535  015.49988223 70
112  78.24724200  015.50008103  78.24722502  015.50018165
111  78.24724200  015.50008103
112  78.24724200  015.50008103  78.24721787  015.50022401 70
112  78.24714465  015.50065218  78.24710453  015.50088654
111  78.24714465  015.50065218
112  78.24714465  015.50065218  78.24714146  015.50067082 70
112  78.24713495  015.50070887  78.24713167  015.50072802
111  78.24713495  015.50070887
112  78.24713495  015.50070887  78.24707474  015.50106042
112  78.24691621  015.50198594  78.24683257  015.50247516
111  78.24691621  015.50198594
112  78.24691621  015.50198594  78.24688632  015.50216075 70
112  78.24682348  015.50252916  78.24679164  015.50271602
111  78.24682348  015.50252916
112  78.24682348  015.50252916  78.24652452  015.50428344 70
112  78.24592780  015.50798990  78.24570448  015.50947501
111  78.24592780  015.50798990
112  78.24592780  015.50798990  78.24583305  015.50861998 70
112  78.24567741  015.50977975  78.24561059  015.51029707
111  78.24567741  015.50977975
112  78.24567741  015.50977975  78.24565260  015.50997182
112  78.24561290  015.51029717  78.24559498  015.51044770
111  78.24561290  015.51029717
112  78.24561290  015.51029717  78.24559098  015.51048132 70
112  78.24556595  015.51072769  78.24555707  015.51082627
111  78.24556595  015.51072769
112  78.24556595  015.51072769  78.24541059  015.51245301 70
112  78.24531239  015.51346344  78.24526513  015.51392158 70
112  78.24490645  015.51677552  78.24471352  015.51796798 70
112  78.24441467  015.51955390  78.24417458  015.52069017 70
112  78.24379403  015.52224401  78.24363601  015.52279108
111  78.24379403  015.52224401
112  78.24379403  015.52224401  78.24370629  015.52254776 70
112  78.24300439  015.52453475  78.24268106  015.52540100
111  78.24300439  015.52453475
112  78.24300439  015.52453475  78.24286580  015.52490606 70
112  78.24265831  015.52549995  78.24256843  015.52571390
111  78.24265831  015.52549995
114  78.24265831  015.52549995  78.24258022  015.52568582 70
110 1 0.25 105.0 asphalt_1D.pol
111  78.24586931  015.50530887
112  78.24564743  015.50928747  78.24561768  015.50981890
111  78.24561290  015.51029717
111  78.24567741  015.50977975
112  78.24568217  015.50930984  78.24570402  015.50892740
113  78.24590767  015.50536100
110 2 0.25 105.0 concrete_1D.pol
111  78.24694813  015.49405175
111  78.24699189  015.49327422
112  78.24699189  015.49327422  78.24702550  015.49267375
112  78.24697076  015.49195668  78.24698525  015.49137190
111  78.24697076  015.49195668
111  78.24698481  015.49137811
111  78.24695786  015.49136347
111  78.24694455  015.49191672
112  78.24694455  015.49191672  78.24692910  015.49257557
112  78.24696328  015.49325550  78.24693200  015.49383560
111  78.24696328  015.49325550
113  78.24692142  015.49401688
110 2 0.25 105.0 concrete_1D.pol
111  78.24685984  015.49513691
112  78.24685984  015.49513691  78.24692299  015.49518287
112  78.24690730  015.49477731  78.24691848  015.49458063
111  78.24690730  015.49477731
111  78.24693181  015.49434167
113  78.24690546  015.49430725
110 2 0.25 105.0 concrete_1D.pol
111  78.24705722  015.49352853
112  78.24705722  015.49352853  78.24706532  015.49338441
112  78.24704325  015.49341045  78.24703906  015.49348501
111  78.24704325  015.49341045
111  78.24700062  015.49417858
113  78.24701890  015.49420427
110 2 0.25 105.0 concrete_1D.pol
111  78.24699085  015.49434560
111  78.24697491  015.49465107
111  78.24697693  015.49475023
112  78.24697693  015.49475023  78.24697737  015.49476950
112  78.24698722  015.49474661  78.24698989  015.49470283
111  78.24698722  015.49474661
113  78.24700913  015.49437136
110 1 0.25 105.0 asphalt_1D.pol
111  78.24614630  015.50133676
111  78.24632034  015.49824391
111  78.24649498  015.49895497
111  78.24684800  015.49975410
111  78.24702203  015.49667641
112  78.24702203  015.49667641  78.24703375  015.49644869
112  78.24699709  015.49596459  78.24694948  015.49577278
111  78.24699709  015.49596459
112  78.24699709  015.49596459  78.24698269  015.49590360
112  78.24699976  015.49584794  78.24701906  015.49584580
111  78.24699976  015.49584794
112  78.24699976  015.49584794  78.24702577  015.49584920
112  78.24712028  015.49642191  78.24717278  015.49680298
111  78.24712028  015.49642191
112  78.24712028  015.49642191  78.24717276  015.49680283
112  78.24716298  015.49753850  78.24714285  015.49785566
111  78.24716298  015.49753850
112  78.24716298  015.49753850  78.24709207  015.49851647
112  78.24701688  015.50061791  78.24699748  015.50127023
111  78.24701688  015.50061791
112  78.24701688  015.50061791  78.24699749  015.50126993
112  78.24691443  015.50199857  78.24688163  015.50228782
111  78.24691443  015.50199857
111  78.24714488  015.50065312
111  78.24729133  015.49978751
111  78.24742000  015.49897587
112  78.24742000  015.49897587  78.24748531  015.49858630
112  78.24758981  015.49774005  78.24761905  015.49747557
111  78.24758981  015.49774005
112  78.24758981  015.49774005  78.24761906  015.49747548
112  78.24766778  015.49656333  78.24768287  015.49619790
111  78.24766778  015.49656333
112  78.24766778  015.49656333  78.24768287  015.49619786
112  78.24767191  015.49431131  78.24764744  015.49357436
111  78.24767191  015.49431131
112  78.24767191  015.49431131  78.24766736  015.49417405
112  78.24759012  015.49246419  78.24754884  015.49158906
111  78.24759012  015.49246419
112  78.24759012  015.49246419  78.24755395  015.49169747
112  78.24749329  015.49050846  78.24747344  015.49011677
111  78.24749329  015.49050846
112  78.24749329  015.49050846  78.24748469  015.49033865
112  78.24744880  015.48964410  78.24742810  015.48925156
111  78.24744880  015.48964410
112  78.24744880  015.48964410  78.24744360  015.48954545
112  78.24741806  015.48907364  78.24740581  015.48886654
111  78.24741806  015.48907364
112  78.24741806  015.48907364  78.24741487  015.48901973
112  78.24731510  015.48854702  78.24724462  015.48855677
111  78.24731510  015.48854702
112  78.24731510  015.48854702  78.24728755  015.48851890
112  78.24738616  015.48795631  78.24739526  015.48773999
111  78.24738616  015.48795631
112  78.24738616  015.48795631  78.24734975  015.48684859
111  78.24729427  015.48531757
111  78.24705685  015.48506543
113  78.24694295  015.48710121
111  78.24712455  015.50067836
112  78.24712455  015.50067836  78.24711329  015.50074530
112  78.24706839  015.50051180  78.24707432  015.50038755
111  78.24706839  015.50051180
112  78.24716893  015.49850360  78.24721033  015.49823559
112  78.24734549  015.49666001  78.24737345  015.49570404
111  78.24734549  015.49666001
112  78.24734549  015.49666001  78.24735377  015.49633189
111  78.24738666  015.49635652
111  78.24736071  015.49699029
112  78.24736071  015.49699029  78.24734468  015.49734857
112  78.24722811  015.49831154  78.24714627  015.49873009
111  78.24722811  015.49831154
112  78.24722811  015.49831154  78.24736422  015.49826707
112  78.24741807  015.49886310  78.24738522  015.49908725
114  78.24728005  015.49975424  78.24724643  015.49995625
112  78.24723441  015.49726382  78.24724098  015.49715574
111  78.24723441  015.49726382
112  78.24723441  015.49726382  78.24729613  015.49628479
112  78.24703911  015.49486757  78.24707910  015.49414323
111  78.24703911  015.49486757
111  78.24706297  015.49444048
111  78.24708531  015.49446922
112  78.24720692  015.49327107  78.24721358  015.49319012
111  78.24720692  015.49327107
112  78.24720692  015.49327107  78.24721227  015.49321498
112  78.24722421  015.49326506  78.24722282  015.49329851
111  78.24722421  015.49326506
112  78.24722421  015.49326506  78.24721978  015.49338513
112  78.24713451  015.49493345  78.24709271  015.49545428
112  78.24725824  015.49733453  78.24716328  015.49832163
111  78.24725824  015.49733453
114  78.24725824  015.49733453  78.24724562  015.49745916
112  78.24710733  015.49365934  78.24712666  015.49337346
112  78.24710128  015.49245051  78.24707164  015.49188146
112  78.24705565  015.49158328  78.24705469  015.49150107
112  78.24707698  015.49154205  78.24708495  015.49160668
112  78.24716955  015.49253434  78.24718576  015.49279561
112  78.24718095  015.49332398  78.24716101  015.49355086
112  78.24709248  015.49425026  78.24708735  015.49430319
114  78.24707443  015.49423964  78.24707745  015.49418478
111  78.24694455  015.49191672
112  78.24694455  015.49191672  78.24692910  015.49257557
112  78.24696328  015.49325550  78.24693200  015.49383560
111  78.24696328  015.49325550
111  78.24692142  015.49401688
111  78.24677656  015.49383334
111  78.24692781  015.49134725
113  78.24695786  015.49136347
111  78.24685984  015.49513691
111  78.24678641  015.49504050
111  78.24683317  015.49421700
113  78.24690546  015.49430725
130 Airport Boundary 1
111  78.24976322  015.40881049
111  78.24954664  015.40817566
111  78.24918335  015.40788407
111  78.24899472  015.40881065
111  78.24860699  015.40989163
111  78.24840089  015.41002891
111  78.24816038  015.41522841
111  78.24811697  015.41722069
111  78.24756234  015.42874523
111  78.24746288  015.42860227
111  78.24724919  015.42800708
111  78.24739877  015.42494929
111  78.24697993  015.42437952
111  78.24684022  015.42619796
111  78.24672495  015.42698708
111  78.24666906  015.42726156
111  78.24684022  015.42950881
111  78.24715111  015.43009212
111  78.24722797  015.42895989
111  78.24744804  015.42935448
111  78.24750393  015.42944027
111  78.24325819  015.50492436
111  78.24246146  015.50614598
111  78.24231220  015.50997747
111  78.24284320  015.51179863
111  78.24260717  015.51621491
111  78.24259554  015.51681511
111  78.24279645  015.51915728
111  78.24279945  015.52142971
111  78.24265256  015.52438581
111  78.24250217  015.52566983
111  78.24259712  015.52639292
111  78.24331444  015.52449969
111  78.24392950  015.52279820
111  78.24428693  015.52119090
111  78.24480960  015.51847334
111  78.24507889  015.51679652
111  78.24542356  015.51384232
111  78.24566082  015.51127291
111  78.24710408  015.50178217
111  78.24740450  015.50312023
111  78.24750930  015.50334325
111  78.24763854  015.50330892
111  78.24769793  015.50286287
111  78.24771539  015.50236534
111  78.24768395  015.50171342
111  78.24762805  015.50128454
111  78.24738002  015.50042683
111  78.24761342  015.49898666
111  78.24781602  015.49943275
111  78.24798020  015.49951856
111  78.24801514  015.49936416
111  78.24796973  015.49771714
111  78.24785445  015.49577849
111  78.24777759  015.49430308
111  78.24737938  015.48548595
111  78.24671499  015.47384650
111  78.24637544  015.47341433
111  78.24921541  015.42156472
111  78.24964873  015.42210393
111  78.24966558  015.42173156
111  78.24970592  015.42039813
111  78.24972339  015.41652024
111  78.24989805  015.41634862
111  78.24996441  015.41526759
111  78.25006365  015.41180044
111  78.24998816  015.41002140
113  78.24989761  015.40945313
120 Linear Feature 25
112  78.24555097  015.49970513  78.24562669  015.49980499 51
112  78.24578636  015.49960514  78.24585074  015.49939611 51
112  78.24589257  015.49886225  78.24591459  015.49848614 51
115  78.24600044  015.49696568
120 Linear Feature 22
112  78.24539574  015.49950192  78.24553734  015.49969083 51
112  78.24567144  015.49843398  78.24569463  015.49803565
111  78.24567144  015.49843398 51
111  78.24575798  015.49691551 51
111  78.24584666  015.49535921 51
115  78.24603808  015.49198738
120 Linear Feature 28
112  78.24494960  015.49448735  78.24472940  015.49425162 51
112  78.24445458  015.49606804  78.24439673  015.49709278 51
116  78.24471634  015.49861255  78.24495092  015.49903842
120 Linear Feature 25
112  78.24600044  015.49696568  78.24601943  015.49666611 51
112  78.24597360  015.49609622  78.24594613  015.49588112 51
112  78.24583738  015.49568092  78.24579350  015.49561917
111  78.24583738  015.49568092
112  78.24583738  015.49568092  78.24573028  015.49553022 51
116  78.24556640  015.49530837  78.24551783  015.49524033
120 Linear Feature 25
112  78.24575798  015.49691551  78.24579743  015.49623238 51
116  78.24556640  015.49530837  78.24544068  015.49513561
120 Linear Feature 23
111  78.24482921  015.48932600 51
111  78.24468208  015.49194862
112  78.24468208  015.49194862  78.24461441  015.49342631 51
112  78.24494960  015.49448735  78.24510197  015.49475264
111  78.24494960  015.49448735 51
111  78.24522791  015.49485957 51
111  78.24556640  015.49530837
112  78.24556640  015.49530837  78.24564802  015.49541935 51
112  78.24574075  015.49525941  78.24578071  015.49517476
111  78.24574075  015.49525941 51
111  78.24597822  015.49473955 51
111  78.24608901  015.49449701
112  78.24608901  015.49449701  78.24615525  015.49434920 51
116  78.24625348  015.49344823  78.24628931  015.49292646
120 Linear Feature 24
112  78.24612975  015.49561307  78.24618699  015.49463562 51
112  78.24597822  015.49473955  78.24592826  015.49484980 51
116  78.24584666  015.49535921  78.24583160  015.49559658
120 Linear Feature 21
111  78.24408693  015.50259217 51
112  78.24422337  015.50016025  78.24429315  015.49892638 51
112  78.24471634  015.49861255  78.24490930  015.49879405
111  78.24471634  015.49861255 51
111  78.24539574  015.49950192 51
111  78.24555097  015.49970513
112  78.24555097  015.49970513  78.24562343  015.49980223 51
112  78.24571192  015.49958104  78.24574956  015.49944749
111  78.24571192  015.49958104 51
111  78.24586456  015.49901755
112  78.24586456  015.49901755  78.24589151  015.49891660 51
112  78.24598600  015.49812834  78.24601442  015.49763830
111  78.24598600  015.49812834 51
112  78.24604452  015.49710437  78.24607294  015.49661433
111  78.24604452  015.49710437 51
111  78.24612975  015.49561307 51
111  78.24625348  015.49344823 51
111  78.24630987  015.49246155
112  78.24630987  015.49246155  78.24633142  015.49188488 51
112  78.24618789  015.49151487  78.24609938  015.49150020
111  78.24618789  015.49151487
112  78.24618789  015.49151487  78.24617533  015.49151248
112  78.24615313  015.49151098  78.24612610  015.49150679
111  78.24615313  015.49151098
112  78.24615313  015.49151098  78.24609721  015.49150947 51
112  78.24605867  015.49165364  78.24604138  015.49171715
111  78.24605867  015.49165364 51
111  78.24541812  015.49445656
112  78.24541812  015.49445656  78.24539905  015.49453916 51
112  78.24533819  015.49474406  78.24530786  015.49480591 51
116  78.24522791  015.49485957  78.24518254  015.49485476
120 Linear Feature 26
111  78.24857942  015.42212551 51
112  78.24899774  015.41463282  78.24911808  015.41248795
111  78.24899774  015.41463282
112  78.24899774  015.41463282  78.24902231  015.41419483 51
112  78.24904519  015.41379235  78.24905090  015.41369428
111  78.24904519  015.41379235
112  78.24904519  015.41379235  78.24907885  015.41321405 51
112  78.24934529  015.41235179  78.24938197  015.41173201 51
112  78.24923384  015.41122266  78.24915186  015.41110742 51
112  78.24901492  015.41179215  78.24898679  015.41227613
111  78.24901492  015.41179215
112  78.24901492  015.41179215  78.24899167  015.41219218 51
112  78.24904519  015.41379235  78.24901413  015.41433849 51
115  78.24899774  015.41463282
120 Linear Feature 27
111  78.24368153  015.50940913 51
112  78.24349416  015.51277367  78.24345193  015.51353265
111  78.24349416  015.51277367
112  78.24349416  015.51277367  78.24349069  015.51283600 51
112  78.24348482  015.51294298  78.24348215  015.51299137
111  78.24348482  015.51294298
112  78.24348482  015.51294298  78.24348138  015.51300519 51
112  78.24347613  015.51309982  78.24347431  015.51313349
111  78.24347613  015.51309982
112  78.24347613  015.51309982  78.24345566  015.51347853 51
112  78.24349375  015.51403612  78.24352869  015.51433230 51
112  78.24362866  015.51501787  78.24363762  015.51546047 51
112  78.24344215  015.51598343  78.24332442  015.51592951 51
112  78.24327168  015.51485512  78.24330295  015.51429875
111  78.24327168  015.51485512
112  78.24327168  015.51485512  78.24330201  015.51431549 51
112  78.24348482  015.51294298  78.24353704  015.51196136
111  78.24348482  015.51294298
112  78.24348482  015.51294298  78.24348644  015.51291253 51
115  78.24349416  015.51277367
120 Linear Feature 7
112  78.24645358  015.48772243  78.24658296  015.48788292 51
112  78.24655784  015.48900232  78.24653423  015.48943281
111  78.24655784  015.48900232 51
111  78.24643577  015.49117995
112  78.24643577  015.49117995  78.24642504  015.49136308 51
112  78.24634270  015.49153219  78.24630514  015.49153093
111  78.24634270  015.49153219 51
112  78.24618789  015.49151487  78.24615033  015.49151361
111  78.24618789  015.49151487 51
111  78.24615313  015.49151098
112  78.24615313  015.49151098  78.24611845  015.49150438 51
116  78.24603808  015.49198738  78.24601788  015.49234364
120 Linear Feature 6
111  78.24511722  015.48414355 51
112  78.24525229  015.48170682  78.24529776  015.48089626 51
116  78.24556893  015.48081144  78.24565443  015.48094515
120 Linear Feature 5
111  78.24551809  015.47691783 51
112  78.24538847  015.47921918  78.24534564  015.47994523 51
112  78.24556893  015.48081144  78.24567293  015.48095290 51
112  78.24577450  015.48152051  78.24582275  015.48186575
111  78.24577450  015.48152051
112  78.24577450  015.48152051  78.24582363  015.48187207 51
112  78.24586896  015.48270637  78.24587723  015.48303394
111  78.24586896  015.48270637
112  78.24586896  015.48270637  78.24588536  015.48335562 51
112  78.24593747  015.48562446  78.24593953  015.48570444
111  78.24593747  015.48562446
112  78.24593747  015.48562446  78.24595921  015.48646973 51
112  78.24615662  015.48727001  78.24627177  015.48759244
111  78.24615662  015.48727001
112  78.24615662  015.48727001  78.24619437  015.48737572 51
112  78.24627913  015.48751361  78.24632271  015.48757094
111  78.24627913  015.48751361
112  78.24627913  015.48751361  78.24635930  015.48761909 51
112  78.24645358  015.48772243  78.24649727  015.48777944
111  78.24645358  015.48772243
112  78.24645358  015.48772243  78.24650608  015.48779093 51
111  78.24653071  015.48782478
112  78.24653071  015.48782478  78.24660491  015.48792274 51
112  78.24670067  015.48741486  78.24672484  015.48697885
111  78.24670067  015.48741486 51
111  78.24676086  015.48632300
112  78.24676086  015.48632300  78.24678336  015.48591312 51
112  78.24667244  015.48545485  78.24659463  015.48531916
111  78.24667244  015.48545485 51
111  78.24661785  015.48538078
112  78.24661785  015.48538078  78.24653660  015.48526524 51
112  78.24644323  015.48583884  78.24642242  015.48620484
111  78.24644323  015.48583884 51
111  78.24639011  015.48677875
112  78.24639011  015.48677875  78.24636280  015.48723602 51
116  78.24615662  015.48727001  78.24605416  015.48698073
120 Linear Feature 19
112  78.24466165  015.49583373  78.24471608  015.49518996 3 102
112  78.24497389  015.49507481  78.24507879  015.49521667
111  78.24497389  015.49507481 3 102
112  78.24530339  015.49551417  78.24540829  015.49565603
111  78.24530339  015.49551417 3 102
111  78.24544427  015.49570444
112  78.24544427  015.49570444  78.24560812  015.49592441 3 102
112  78.24564454  015.49716597  78.24561503  015.49772171
111  78.24564454  015.49716597 3 102
111  78.24559556  015.49806575
112  78.24559556  015.49806575  78.24556871  015.49854181 3 102
112  78.24531728  015.49881980  78.24521187  015.49868603
111  78.24531728  015.49881980 3 102
112  78.24513004  015.49857812  78.24502463  015.49844435
111  78.24513004  015.49857812 3 102
111  78.24481144  015.49817524
112  78.24481144  015.49817524  78.24467183  015.49799341 3 102
116  78.24459253  015.49707723  78.24460553  015.49674697
120 Linear Feature 18
112  78.24443602  015.49988237  78.24452015  015.49909730 3 102
112  78.24476605  015.49924618  78.24490473  015.49943284
111  78.24476605  015.49924618 3 102
111  78.24507125  015.49964010 3 102
112  78.24528277  015.49991117  78.24535575  015.50001188 3 102
112  78.24539036  015.50103498  78.24536117  015.50155273 3 102
115  78.24522773  015.50389412
120 Linear Feature 17
111  78.24618560  015.48800995 3 102
111  78.24602473  015.49089530
112  78.24602473  015.49089530  78.24601242  015.49110761 3 102
112  78.24595740  015.49147119  78.24592756  015.49160288
111  78.24595740  015.49147119 3 102
111  78.24538664  015.49397174
112  78.24538664  015.49397174  78.24533093  015.49420970 3 102
112  78.24522033  015.49428873  78.24514967  015.49419973
111  78.24522033  015.49428873 3 102
112  78.24505489  015.49407445  78.24489166  015.49385975 3 102
116  78.24484946  015.49247587  78.24486991  015.49160117
120 Linear Feature 16
111  78.24845928  015.42035681 3
111  78.24900363  015.41061957 3
111  78.24946676  015.41123826 3
112  78.24940398  015.41253005  78.24937848  015.41267777
111  78.24940398  015.41253005
112  78.24940398  015.41253005  78.24937455  015.41270874 3
111  78.24927213  015.41332327 3
115  78.24884952  015.42088304
120 Linear Feature 15
111  78.24382712  015.51072077 3
111  78.24363994  015.51410834 3
111  78.24375175  015.51504379 3
111  78.24365127  015.51690392 3
111  78.24310312  015.51616328 3
115  78.24343663  015.51019577
120 Linear Feature 2
111  78.24704728  015.48506969 3
111  78.24636413  015.48414744 3 102
112  78.24621669  015.48673966  78.24618867  015.48721861
111  78.24621669  015.48673966
112  78.24621669  015.48673966  78.24621020  015.48685073 3 102
112  78.24616167  015.48678175  78.24614141  015.48672809
111  78.24616167  015.48678175
112  78.24616167  015.48678175  78.24613107  015.48672114 3 102
112  78.24603965  015.48605802  78.24600817  015.48562494
111  78.24603965  015.48605802
112  78.24603965  015.48605802  78.24601602  015.48573293 3 102
112  78.24599964  015.48513529  78.24599361  015.48492487
111  78.24599964  015.48513529
112  78.24599964  015.48513529  78.24598133  015.48449639 3 102
112  78.24594682  015.48271078  78.24591428  015.48148754 3 102
112  78.24566987  015.48060425  78.24560066  015.48040222 3 102
116  78.24556068  015.47976142  78.24556792  015.47916831
120 Linear Feature 3
112  78.24545010  015.48173924  78.24549652  015.48135735 3 102
112  78.24563475  015.48128028  78.24570147  015.48147633 3 102
112  78.24579641  015.48264617  78.24581792  015.48329879
111  78.24579641  015.48264617
112  78.24579641  015.48264617  78.24580556  015.48296853 3 102
112  78.24586186  015.48521197  78.24588422  015.48603086
111  78.24586186  015.48521197
112  78.24586186  015.48521197  78.24586905  015.48547547 3 102
111  78.24587521  015.48570233
112  78.24587521  015.48570233  78.24589665  015.48656293 3 102
112  78.24617305  015.48763480  78.24632899  015.48796596
111  78.24617305  015.48763480
112  78.24617305  015.48763480  78.24620136  015.48769950 3 102
116  78.24618560  015.48800995  78.24617947  015.48816297
120 HP C
111  78.24507125  015.49964010 4
115  78.24513004  015.49857812
120 HP B
111  78.24530339  015.49551417 4
115  78.24538664  015.49397174
120 HP A
111  78.24586186  015.48521197 4
115  78.24599964  015.48513529
120 Linear Feature 47
111  78.24741309  015.49380762 20
115  78.24731956  015.49372424
120 Linear Feature 46
111  78.24732421  015.49361286 20
115  78.24741779  015.49369629
120 Linear Feature 45
111  78.24742249  015.49358496 20
115  78.24732886  015.49350149
120 Linear Feature 55
111  78.24748175  015.49490849 20
115  78.24743680  015.49486820
120 Linear Feature 54
111  78.24744146  015.49475683 20
115  78.24748644  015.49479715
120 Linear Feature 53
111  78.24749113  015.49468581 20
115  78.24744622  015.49464555
120 Linear Feature 52
111  78.24745097  015.49453427 20
115  78.24749582  015.49457447
120 Linear Feature 51
111  78.24750051  015.49446313 20
115  78.24745573  015.49442299
120 Linear Feature 50
111  78.24746049  015.49431171 20
115  78.24750520  015.49435179
120 Linear Feature 49
111  78.24750989  015.49424045 20
115  78.24746524  015.49420043
120 Linear Feature 48
111  78.24747000  015.49408915 20
115  78.24751458  015.49412911
120 Linear Feature 47
111  78.24751927  015.49401777 20
115  78.24747475  015.49397787
120 Linear Feature 46
111  78.24747951  015.49386659 20
115  78.24752396  015.49390643
120 Linear Feature 45
111  78.24752865  015.49379509 20
115  78.24748426  015.49375531
120 Linear Feature 44
111  78.24753334  015.49368375 20
113  78.24748901  015.49364403 20
120 Linear Feature 96
112  78.24722421  015.49326506  78.24721978  015.49338513 20
112  78.24713451  015.49493345  78.24709271  015.49545428 20
116  78.24725824  015.49733453  78.24716328  015.49832163
120 Linear Feature 43
111  78.24730160  015.49036694 20
111  78.24725673  015.49115520
112  78.24725673  015.49115520  78.24724787  015.49130624 20
112  78.24726473  015.49163481  78.24728033  015.49181164
111  78.24726473  015.49163481 20
111  78.24738011  015.49286950
112  78.24738011  015.49286950  78.24739569  015.49303977 20
112  78.24738324  015.49342356  78.24737753  015.49356561
111  78.24738324  015.49342356 20
115  78.24729566  015.49545424
120 Linear Feature 39
111  78.24712914  015.49134855 20
111  78.24722282  015.48966896
112  78.24722282  015.48966896  78.24722926  015.48955556 20
112  78.24726078  015.48936431  78.24727926  015.48931550
111  78.24726078  015.48936431 20
111  78.24735284  015.48911706 20
111  78.24732932  015.48892068 20
111  78.24724824  015.48913918
112  78.24724824  015.48913918  78.24721862  015.48921793 20
112  78.24718266  015.48953061  78.24717278  015.48970427
111  78.24718266  015.48953061 20
113  78.24708344  015.49131396 20
120 Linear Feature 38
111  78.24719031  015.49303395 20
111  78.24723605  015.49303597
112  78.24723605  015.49303597  78.24723829  015.49280375 20
112  78.24720930  015.49239623  78.24719509  015.49222735
111  78.24720930  015.49239623 20
111  78.24712977  015.49151162 20
111  78.24706780  015.49146511 20
111  78.24707698  015.49154205
112  78.24707698  015.49154205  78.24708495  015.49160668 20
112  78.24716955  015.49253434  78.24718576  015.49279561 20
116  78.24719031  015.49303395  78.24719164  015.49315161
120 Linear Feature 37
111  78.24728103  015.49696367 20
111  78.24729725  015.49656340
112  78.24729725  015.49656340  78.24730305  015.49641929 20
112  78.24729239  015.49620190  78.24728528  015.49613122
111  78.24729239  015.49620190 20
111  78.24720378  015.49531672
112  78.24720378  015.49531672  78.24718613  015.49513680 20
112  78.24720280  015.49462509  78.24722692  015.49433515 20
112  78.24726811  015.49329719  78.24728467  015.49281588
111  78.24726811  015.49329719 20
115  78.24722421  015.49326506
120 Linear Feature 35
112  78.24722811  015.49831154  78.24730996  015.49789299 20
112  78.24736071  015.49699029  78.24737674  015.49663200
111  78.24736071  015.49699029 20
111  78.24738733  015.49634186 20
111  78.24743651  015.49638570 20
111  78.24740536  015.49709960
112  78.24740536  015.49709960  78.24738423  015.49754319 20
116  78.24728226  015.49830969  78.24721223  015.49863064
120 Linear Feature 34
112  78.24733606  015.49059514  78.24733018  015.49069451
111  78.24733606  015.49059514 20
111  78.24730624  015.49109895
112  78.24730624  015.49109895  78.24729758  015.49124005 20
112  78.24730721  015.49157604  78.24732112  015.49172396
111  78.24730721  015.49157604 20
111  78.24742038  015.49277196
112  78.24742038  015.49277196  78.24743933  015.49297463 20
112  78.24743181  015.49336396  78.24742184  015.49359811
111  78.24743181  015.49336396 20
111  78.24733774  015.49559358
112  78.24733774  015.49559358  78.24733430  015.49566662 20
112  78.24731651  015.49565776  78.24730898  015.49558303
111  78.24731651  015.49565776 20
111  78.24729566  015.49545424 20
111  78.24727437  015.49524629
112  78.24727437  015.49524629  78.24726800  015.49518374 20
112  78.24726782  015.49496346  78.24727165  015.49486828
111  78.24726782  015.49496346 20
111  78.24733634  015.49332227
112  78.24733634  015.49332227  78.24734382  015.49314237 20
112  78.24732928  015.49286881  78.24731884  015.49274640
111  78.24732928  015.49286881 20
111  78.24722748  015.49178040
112  78.24722748  015.49178040  78.24720391  015.49152140 20
112  78.24721364  015.49111495  78.24722760  015.49084992
111  78.24721364  015.49111495 20
111  78.24724731  015.49047394
112  78.24724731  015.49047394  78.24725211  015.49038421 20
112  78.24727797  015.49033569  78.24729136  015.49035312
111  78.24727797  015.49033569 20
111  78.24730160  015.49036694 20
111  78.24732040  015.49039179
114  78.24732040  015.49039179  78.24733523  015.49041227 20
120 Linear Feature 33
112  78.24749329  015.49050846  78.24747565  015.49016083 20
112  78.24740385  015.49048220  78.24739276  015.49071544
111  78.24740385  015.49048220 20
111  78.24740127  015.49053760 20
111  78.24737579  015.49108427
112  78.24737579  015.49108427  78.24736476  015.49131466 20
112  78.24738094  015.49157544  78.24739443  015.49172130
111  78.24738094  015.49157544 20
111  78.24749683  015.49279407
112  78.24749683  015.49279407  78.24751215  015.49295668 20
112  78.24750685  015.49322693  78.24750137  015.49334520
111  78.24750685  015.49322693 20
111  78.24743831  015.49483049
112  78.24743831  015.49483049  78.24742523  015.49513422 20
112  78.24743150  015.49546404  78.24742198  015.49566096
111  78.24743150  015.49546404 20
111  78.24740563  015.49599867 20
111  78.24745233  015.49604908 20
111  78.24747618  015.49552223
112  78.24747618  015.49552223  78.24748744  015.49526856 20
112  78.24748048  015.49493847  78.24748840  015.49475521
111  78.24748048  015.49493847 20
111  78.24754871  015.49331889
112  78.24754871  015.49331889  78.24755742  015.49310509 20
112  78.24754176  015.49276114  78.24752832  015.49260599
111  78.24754176  015.49276114 20
111  78.24743312  015.49159525
112  78.24743312  015.49159525  78.24742108  015.49145817 20
112  78.24742153  015.49111068  78.24742837  015.49097495
111  78.24742153  015.49111068 20
111  78.24744770  015.49059521 20
115  78.24740127  015.49053760
120 Linear Feature 32
112  78.24718224  015.48916198  78.24721036  015.48878309 20
112  78.24731510  015.48854702  78.24736591  015.48854653
111  78.24731510  015.48854702
112  78.24731510  015.48854702  78.24735688  015.48854662 20
112  78.24741806  015.48907364  78.24743955  015.48944213
111  78.24741806  015.48907364
111  78.24744880  015.48964410
112  78.24744880  015.48964410  78.24746324  015.48989861 20
112  78.24740976  015.48996735  78.24738341  015.48998571
111  78.24740976  015.48996735 20
111  78.24732438  015.49002057
112  78.24732438  015.49002057  78.24724559  015.49007068 20
112  78.24731910  015.48957995  78.24736152  015.48946983
111  78.24731910  015.48957995 20
111  78.24738354  015.48941112 20
111  78.24740637  015.48960170 20
111  78.24735945  015.48971857
112  78.24735945  015.48971857  78.24733570  015.48977800 20
116  78.24732438  015.49002057  78.24732483  015.49013941
120 Linear Feature 31
112  78.24698428  015.49526574  78.24697235  015.49512237 20
112  78.24698722  015.49474661  78.24699936  015.49452651
111  78.24698722  015.49474661 20
111  78.24705722  015.49352853
112  78.24705722  015.49352853  78.24706907  015.49326552 20
116  78.24704958  015.49281510  78.24704012  015.49273029
120 Linear Feature 30
112  78.24705135  015.50102352  78.24705165  015.50101478 22
112  78.24704234  015.50076633  78.24704141  015.50063662
111  78.24704234  015.50076633
112  78.24704234  015.50076633  78.24704126  015.50061590 22
112  78.24704572  015.50044155  78.24704608  015.50043145
111  78.24704572  015.50044155
112  78.24704572  015.50044155  78.24708465  015.49933215 22
112  78.24718377  015.49761271  78.24723408  015.49688915
111  78.24718377  015.49761271
112  78.24718377  015.49761271  78.24723493  015.49687689 22
112  78.24710800  015.49605006  78.24704139  015.49572014
111  78.24710800  015.49605006
112  78.24710800  015.49605006  78.24705895  015.49581607 22
112  78.24698428  015.49526574  78.24696330  015.49505573 20
112  78.24697491  015.49465107  78.24698226  015.49450156
111  78.24697491  015.49465107 20
111  78.24704325  015.49341045
112  78.24704325  015.49341045  78.24705086  015.49326911 20
112  78.24704958  015.49281510  78.24703977  015.49264597
111  78.24704958  015.49281510
112  78.24704958  015.49281510  78.24701973  015.49230792 22
112  78.24702512  015.49115055  78.24705512  015.49060593 22
111  78.24712854  015.48920883 22
116  78.24716318  015.48881534  78.24718359  015.48866509
120 Linear Feature 51
111  78.24745736  015.49593809 20
115  78.24741098  015.49588821
120 Linear Feature 50
111  78.24741633  015.49577761 20
115  78.24746238  015.49582713
120 Linear Feature 49
111  78.24746740  015.49571617 20
115  78.24742168  015.49566701
120 Linear Feature 48
111  78.24742703  015.49555640 20
115  78.24747242  015.49560521
120 Linear Feature 59
111  78.24733351  015.49339012 20
115  78.24742718  015.49347362
120 Linear Feature 59
111  78.24726972  015.49518155 20
115  78.24735203  015.49525496
120 Linear Feature 59
111  78.24726639  015.49506305 20
115  78.24735673  015.49514362
120 Linear Feature 58
111  78.24736142  015.49503229 20
115  78.24726841  015.49494934
120 Linear Feature 57
111  78.24736612  015.49492096 20
115  78.24727306  015.49483797
120 Linear Feature 56
111  78.24727771  015.49472660 20
115  78.24737082  015.49480962
120 Linear Feature 55
111  78.24737551  015.49469829 20
115  78.24728236  015.49461522
120 Linear Feature 54
111  78.24728701  015.49450385 20
115  78.24738021  015.49458696
120 Linear Feature 53
111  78.24738491  015.49447562 20
115  78.24729166  015.49439248
120 Linear Feature 52
111  78.24729631  015.49428110 20
115  78.24738961  015.49436429
120 Linear Feature 51
111  78.24739431  015.49425296 20
115  78.24730096  015.49416973
120 Linear Feature 50
111  78.24730561  015.49405836 20
115  78.24739900  015.49414162
120 Linear Feature 49
111  78.24740370  015.49403029 20
115  78.24731026  015.49394699
120 Linear Feature 48
111  78.24731491  015.49383561 20
115  78.24740840  015.49391896
120 Linear Feature 59
111  78.24709445  015.49111611 20
115  78.24713879  015.49117538
120 Linear Feature 58
111  78.24714466  015.49107029 20
115  78.24710029  015.49101099
120 Linear Feature 57
111  78.24715052  015.49096519 20
115  78.24710614  015.49090587
120 Linear Feature 56
111  78.24711199  015.49080076 20
115  78.24715638  015.49086010
120 Linear Feature 44
111  78.24708860  015.49122122 20
113  78.24713293  015.49128048 20
120 Linear Feature 57
111  78.24730254  015.49116838 20
115  78.24721685  015.49105385
120 Linear Feature 56
111  78.24722239  015.49094833 20
115  78.24730835  015.49106322
120 Linear Feature 55
111  78.24731454  015.49095855 20
115  78.24722794  015.49084280
120 Linear Feature 54
111  78.24723348  015.49073727 20
115  78.24732074  015.49085390
120 Linear Feature 53
111  78.24732693  015.49074924 20
115  78.24723902  015.49063175
120 Linear Feature 52
111  78.24724456  015.49052622 20
115  78.24733313  015.49064458
120 Linear Feature 51
111  78.24733810  015.49053829 20
115  78.24725118  015.49042213
120 Linear Feature 55
111  78.24742006  015.49114692 20
115  78.24737545  015.49109154
120 Linear Feature 54
111  78.24738062  015.49098072 20
115  78.24742531  015.49103619
120 Linear Feature 53
111  78.24743091  015.49092590 20
115  78.24738579  015.49086989
120 Linear Feature 52
111  78.24739095  015.49075905 20
115  78.24743651  015.49081561
120 Linear Feature 51
111  78.24744211  015.49070532 20
115  78.24739611  015.49064822
120 Linear Feature 49
111  78.24741283  015.49269218 20
115  78.24732942  015.49287043
120 Linear Feature 48
111  78.24732011  015.49277070 20
115  78.24740341  015.49259269
120 Linear Feature 47
111  78.24739400  015.49249320 20
115  78.24731078  015.49267108
120 Linear Feature 46
111  78.24730148  015.49257154 20
115  78.24738458  015.49239371
120 Linear Feature 49
111  78.24737517  015.49229422 20
115  78.24729214  015.49247170
120 Linear Feature 48
111  78.24728281  015.49237197 20
115  78.24736576  015.49219473
120 Linear Feature 47
111  78.24735634  015.49209524 20
115  78.24727349  015.49227235
120 Linear Feature 46
111  78.24726416  015.49217260 20
115  78.24734693  015.49199576
120 Linear Feature 49
111  78.24733751  015.49189627 20
115  78.24725484  015.49207292
120 Linear Feature 48
111  78.24724551  015.49197324 20
115  78.24732810  015.49179678
120 Linear Feature 47
111  78.24731869  015.49169729 20
115  78.24723619  015.49187356
120 Linear Feature 46
111  78.24722688  015.49177384 20
115  78.24730927  015.49159780
120 Linear Feature 59
111  78.24749350  015.49275904 20
115  78.24753358  015.49267339
120 Linear Feature 58
111  78.24752429  015.49257365 20
115  78.24748404  015.49265964
120 Linear Feature 57
111  78.24751500  015.49247390 20
115  78.24747459  015.49256023
120 Linear Feature 56
111  78.24746514  015.49246082 20
115  78.24750570  015.49237416
120 Linear Feature 55
111  78.24749641  015.49227441 20
115  78.24745568  015.49236142
120 Linear Feature 54
111  78.24744623  015.49226201 20
115  78.24748711  015.49217466
120 Linear Feature 53
111  78.24747782  015.49207491 20
115  78.24743677  015.49216260
120 Linear Feature 52
111  78.24742732  015.49206320 20
115  78.24746852  015.49197517
120 Linear Feature 51
111  78.24745923  015.49187542 20
115  78.24741787  015.49196379
120 Linear Feature 50
111  78.24740841  015.49186438 20
115  78.24744993  015.49177567
120 Linear Feature 49
111  78.24744064  015.49167592 20
115  78.24739896  015.49176497
120 Linear Feature 48
111  78.24738951  015.49166557 20
115  78.24743150  015.49157585
120 Linear Feature 44
111  78.24750227  015.49285990 20
113  78.24754405  015.49278934 20
120 Linear Feature 53
111  78.24742707  015.49660202 20
115  78.24737838  015.49655860
120 Linear Feature 52
111  78.24738282  015.49645020 20
115  78.24743179  015.49649386
120 Linear Feature 48
111  78.24749377  015.49353275 20
115  78.24753804  015.49357222
120 Linear Feature 47
111  78.24754273  015.49346088 20
115  78.24749853  015.49342147
120 Linear Feature 46
111  78.24750329  015.49331019 20
115  78.24754742  015.49334954
120 Linear Feature 45
111  78.24755185  015.49322598 20
115  78.24750801  015.49319888
120 Linear Feature 58
111  78.24716224  015.49075501 20
115  78.24711785  015.49069544
120 Linear Feature 57
111  78.24716810  015.49064996 20
115  78.24712370  015.49059037
120 Linear Feature 56
111  78.24712954  015.49048531 20
115  78.24717396  015.49054491
120 Linear Feature 55
111  78.24717982  015.49043986 20
115  78.24713539  015.49038024
120 Linear Feature 54
111  78.24714123  015.49027517 20
115  78.24718568  015.49033481
120 Linear Feature 53
111  78.24719154  015.49022976 20
115  78.24714708  015.49017011
120 Linear Feature 52
111  78.24715292  015.49006504 20
115  78.24719740  015.49012472
120 Linear Feature 51
111  78.24720326  015.49001966 20
115  78.24715877  015.48995997
120 Linear Feature 50
111  78.24716462  015.48985491 20
115  78.24720912  015.48991462
120 Linear Feature 49
111  78.24721498  015.48980956 20
115  78.24717046  015.48974984
120 Linear Feature 48
111  78.24717631  015.48964477 20
115  78.24722084  015.48970451
120 Linear Feature 47
111  78.24722733  015.48960031 20
115  78.24718266  015.48953061
120 Linear Feature 56
111  78.24716457  015.49448626 20
115  78.24721082  015.49451940
120 Linear Feature 55
111  78.24721802  015.49440969 20
115  78.24717092  015.49437594
120 Linear Feature 54
111  78.24717702  015.49426545 20
115  78.24722452  015.49429948
120 Linear Feature 53
111  78.24723051  015.49418891 20
115  78.24718291  015.49415480
120 Linear Feature 52
111  78.24718861  015.49404403 20
115  78.24723611  015.49407806
120 Linear Feature 51
111  78.24724138  015.49396697 20
115  78.24719415  015.49393313
120 Linear Feature 50
111  78.24719954  015.49382212 20
115  78.24724638  015.49385569
120 Linear Feature 49
111  78.24725115  015.49374423 20
115  78.24720478  015.49371102
120 Linear Feature 48
111  78.24720989  015.49359981 20
115  78.24725569  015.49363262
120 Linear Feature 47
111  78.24726002  015.49352086 20
115  78.24721485  015.49348850
120 Linear Feature 46
111  78.24721965  015.49337708 20
115  78.24726417  015.49340896
120 Linear Feature 58
111  78.24733794  015.49558896 20
115  78.24730660  015.49556101
120 Linear Feature 57
111  78.24734264  015.49547762 20
115  78.24729358  015.49543388
120 Linear Feature 56
111  78.24728056  015.49530675 20
115  78.24734733  015.49536629
120 Linear Feature 52
111  78.24734266  015.48951823 20
115  78.24736499  015.48970477
120 Linear Feature 51
111  78.24738568  015.48965323 20
115  78.24736310  015.48946468
120 Linear Feature 54
111  78.24724568  015.48914616 20
115  78.24727156  015.48933538
120 Linear Feature 53
111  78.24729188  015.48928079 20
115  78.24726841  015.48908482
120 Linear Feature 52
111  78.24728871  015.48903011 20
115  78.24731220  015.48922621
120 Linear Feature 51
111  78.24733252  015.48917165 20
115  78.24730902  015.48897540
120 Linear Feature 59
111  78.24734966  015.49720718 20
115  78.24739736  015.49725693
120 Linear Feature 58
111  78.24740327  015.49714263 20
115  78.24735546  015.49709999
120 Linear Feature 57
111  78.24740819  015.49703465 20
115  78.24736062  015.49699223
120 Linear Feature 56
111  78.24736507  015.49688383 20
115  78.24741291  015.49692650
120 Linear Feature 55
111  78.24741763  015.49681834 20
115  78.24736950  015.49677542
120 Linear Feature 54
111  78.24737394  015.49666701 20
115  78.24742235  015.49671018
120 Linear Feature 78
111  78.24738937  015.49307518 20
115  78.24733977  015.49308862
120 Linear Feature 77
111  78.24738344  015.49291184 20
115  78.24733613  015.49297188
120 Linear Feature 76
111  78.24743254  015.49334630 20
115  78.24733807  015.49327505
120 Linear Feature 75
111  78.24743751  015.49314733 20
115  78.24738970  015.49314117
120 Linear Feature 74
111  78.24743364  015.49295625 20
115  78.24738770  015.49299905
120 Linear Feature 73
111  78.24742278  015.49279848 20
115  78.24738115  015.49288129
120 Linear Feature 72
111  78.24755114  015.49291787 20
115  78.24750794  015.49296487
120 Linear Feature 71
111  78.24755389  015.49308632 20
115  78.24751012  015.49307628
120 Linear Feature 70
111  78.24730176  015.49150002 20
115  78.24721474  015.49162413
120 Linear Feature 69
111  78.24729843  015.49139097 20
115  78.24720588  015.49141352
120 Linear Feature 68
111  78.24729901  015.49127580 20
115  78.24720992  015.49119295
120 Linear Feature 67
111  78.24742461  015.49146805 20
115  78.24737704  015.49153029
120 Linear Feature 66
111  78.24742015  015.49134899 20
115  78.24736924  015.49136646
120 Linear Feature 65
111  78.24741873  015.49123784 20
115  78.24737051  015.49122007
120 Linear Feature 64
111  78.24723693  015.48949554 20
115  78.24719605  015.48938056
120 Linear Feature 63
111  78.24725068  015.48940224 20
115  78.24721799  015.48924753
120 Linear Feature 62
111  78.24732612  015.48993597 20
115  78.24727583  015.48988292
120 Linear Feature 61
111  78.24733276  015.48984798 20
115  78.24728617  015.48973697
120 Linear Feature 60
111  78.24734713  015.48975907 20
115  78.24731766  015.48958381
120 Linear Feature 55
111  78.24721880  015.49252023 20
115  78.24717322  015.49259481
120 Linear Feature 54
111  78.24716703  015.49249635 20
115  78.24721001  015.49240476
120 Linear Feature 53
111  78.24720077  015.49230133 20
115  78.24715892  015.49239049
120 Linear Feature 52
111  78.24715007  015.49228621 20
115  78.24719148  015.49219799
120 Linear Feature 51
111  78.24718219  015.49209466 20
115  78.24714081  015.49218283
120 Linear Feature 50
111  78.24713125  015.49208007 20
115  78.24717290  015.49199132
120 Linear Feature 49
111  78.24716360  015.49188799 20
115  78.24712147  015.49197777
120 Linear Feature 48
111  78.24711150  015.49187589 20
115  78.24715432  015.49178465
120 Linear Feature 47
111  78.24714502  015.49168132 20
115  78.24710136  015.49177436
120 Linear Feature 46
111  78.24709104  015.49167322 20
115  78.24713574  015.49157798
120 Linear Feature 45
111  78.24711448  015.49150015 20
115  78.24708044  015.49157267
120 Linear Feature 59
111  78.24726232  015.49643264 20
115  78.24729935  015.49633873
120 Linear Feature 58
111  78.24729453  015.49622691 20
115  78.24725423  015.49632910
120 Linear Feature 57
111  78.24728491  015.49612723 20
115  78.24724513  015.49622811
120 Linear Feature 56
111  78.24723522  015.49612920 20
115  78.24727501  015.49602829
120 Linear Feature 55
111  78.24726510  015.49592935 20
115  78.24722465  015.49603194
120 Linear Feature 54
111  78.24721359  015.49593593 20
115  78.24725520  015.49583041
120 Linear Feature 53
111  78.24724530  015.49573147 20
115  78.24720220  015.49584078
120 Linear Feature 52
111  78.24719063  015.49574606 20
115  78.24723539  015.49563254
120 Linear Feature 51
111  78.24722549  015.49553360 20
115  78.24717906  015.49565134
120 Linear Feature 50
111  78.24716771  015.49555607 20
115  78.24721559  015.49543466
120 Linear Feature 49
111  78.24720568  015.49533573 20
115  78.24715684  015.49545960
120 Linear Feature 48
111  78.24714370  015.49532702 20
115  78.24719671  015.49523441
120 Linear Feature 59
111  78.24714340  015.49481568 20
115  78.24718963  015.49484881
120 Linear Feature 58
111  78.24719477  015.49473763 20
115  78.24715090  015.49470619
120 Linear Feature 57
111  78.24720253  015.49462832 20
115  78.24715792  015.49459636
120 Linear Feature 93
111  78.24731539  015.49813211 20
115  78.24727876  015.49799671
120 Linear Feature 92
111  78.24733007  015.49803303 20
115  78.24729020  015.49790611
120 Linear Feature 91
111  78.24734362  015.49792667 20
115  78.24730094  015.49781209
120 Linear Feature 90
111  78.24735509  015.49782246 20
115  78.24731100  015.49771456
120 Linear Feature 89
111  78.24736567  015.49771200 20
115  78.24732023  015.49761554
120 Linear Feature 88
111  78.24737508  015.49759923 20
115  78.24732854  015.49751680
120 Linear Feature 87
111  78.24738331  015.49748679 20
115  78.24733652  015.49741128
120 Linear Feature 86
111  78.24739065  015.49737346 20
115  78.24734360  015.49730689
120 Linear Feature 85
111  78.24747793  015.49547768 20
115  78.24743240  015.49544388
120 Linear Feature 84
111  78.24748046  015.49528335 20
115  78.24743466  015.49528975
120 Linear Feature 83
111  78.24747876  015.49514818 20
115  78.24743334  015.49516606
120 Linear Feature 82
111  78.24747826  015.49502176 20
115  78.24743337  015.49500291
120 Linear Feature 81
111  78.24723547  015.49289559 20
115  78.24718823  015.49292066
120 Linear Feature 80
111  78.24723170  015.49275929 20
115  78.24718382  015.49279692
120 Linear Feature 79
111  78.24722572  015.49263161 20
115  78.24717888  015.49269521
120 Linear Feature 95
111  78.24718974  015.49510669 20
115  78.24713218  015.49515689
120 Linear Feature 94
111  78.24718749  015.49496477 20
115  78.24713405  015.49493958
120 Apron White Line
111  78.24614069  015.50142887 20
115  78.24694324  015.48710160
120 Linear Feature 21
111  78.24646205  015.48558845 24
111  78.24646198  015.48539603
111  78.24646206  015.48549254 24
111  78.24647984  015.48549023
111  78.24647952  015.48539697 24
115  78.24648011  015.48558690
120 Linear Feature 21
111  78.24556543  015.49976453 24
111  78.24559717  015.49965163
111  78.24558128  015.49970844 24
111  78.24559207  015.49977784
111  78.24560728  015.49972198 24
115  78.24557626  015.49983550
120 30_red_line.lin
111  78.24685579  015.48865373 30
111  78.24671272  015.48846001 30
111  78.24652755  015.49174952 30
111  78.24656923  015.49184330 30
111  78.24604260  015.50130188 30
115  78.24614069  015.50142887
120 10_single_taxi_wide.lin
111  78.24603287  015.49800922 10
115  78.24599611  015.49796131
120 10_single_taxi_wide.lin
111  78.24614987  015.49596053 10
115  78.24611311  015.49591261
120 10_single_taxi_wide.lin
111  78.24648707  015.49098506 10
115  78.24645031  015.49093714
120 10_single_taxi_wide.lin
111  78.24656221  015.48964452 10
115  78.24652545  015.48959660
120 10_single_taxi_wide.lin
111  78.24606867  015.49666243 10
115  78.24603192  015.49661451
120 10_single_taxi_wide.lin
111  78.24618568  015.49461372 10
115  78.24614892  015.49456580
120 10_single_taxi_wide.lin
111  78.24647010  015.49057576 10
115  78.24643335  015.49052784
120 10_single_taxi_wide.lin
111  78.24654524  015.48923521 10
115  78.24650848  015.48918729
120 10_single_taxi_wide.lin
111  78.24676995  015.48650587 10
115  78.24673319  015.48645796
120 10_single_taxi_wide.lin
111  78.24677949  015.48633181 10
115  78.24674274  015.48628390
120 24_road_edge_wide.lin
111  78.24646797  015.48478414 24
115  78.24646917  015.48504118
120 24_road_edge_wide.lin
111  78.24640084  015.48574700 24
115  78.24635700  015.48590359
120 24_road_edge_wide.lin
111  78.24551403  015.50000219 24
115  78.24547018  015.50015877
120 24_road_edge_wide.lin
111  78.24553417  015.49908564 24
115  78.24555276  015.49932599
120 24_road_edge_wide.lin
112  78.24653035  015.48558261  78.24651982  015.48574002 24
112  78.24645322  015.48577400  78.24642116  015.48572230 24
112  78.24641424  015.48539537  78.24642477  015.48523796 24
114  78.24649136  015.48520398  78.24652343  015.48525568 24
120 24_road_edge_wide.lin
112  78.24564354  015.49983782  78.24563301  015.49999521 24
112  78.24556641  015.50002919  78.24553434  015.49997749 24
112  78.24552742  015.49965059  78.24553795  015.49949319 24
114  78.24560455  015.49945921  78.24563661  015.49951091 24
120 32_red_line_wide.lin
112  78.24690439  015.48664942  78.24687609  015.48705004 32
112  78.24670539  015.48712324  78.24662379  015.48698430 32
112  78.24660888  015.48614630  78.24663718  015.48574568 32
114  78.24680788  015.48567248  78.24688948  015.48581142 32
120 25_road_dash_wide.lin
112  78.24658006  015.48566151  78.24655945  015.48595330 25
112  78.24643511  015.48600662  78.24637567  015.48590542 25
112  78.24636482  015.48529505  78.24638543  015.48500326 25
114  78.24650976  015.48494995  78.24656920  015.48505114 25
120 25_road_dash_wide.lin
112  78.24569325  015.49991671  78.24567263  015.50020848 25
112  78.24554830  015.50026179  78.24548886  015.50016060 25
112  78.24547800  015.49955028  78.24549861  015.49925851 25
114  78.24562295  015.49920520  78.24568239  015.49930639 25
120 22_road_edge_dash.lin
111  78.24735761  015.48823943 22
112  78.24745474  015.48891082  78.24747762  015.48924684 22
112  78.24752130  015.49013626  78.24755188  015.49073136
111  78.24752130  015.49013626
112  78.24752130  015.49013626  78.24755112  015.49071666 22
112  78.24761049  015.49200861  78.24763981  015.49259176
111  78.24761049  015.49200861
112  78.24761049  015.49200861  78.24766311  015.49305534 22
112  78.24770516  015.49401562  78.24771715  015.49433612
111  78.24770516  015.49401562
112  78.24770516  015.49401562  78.24773068  015.49469775 22
112  78.24772435  015.49599636  78.24771443  015.49661584 22
112  78.24763815  015.49776020  78.24758853  015.49826135 22
112  78.24745574  015.49912895  78.24735366  015.49979713 22
112  78.24698675  015.50192396  78.24688325  015.50252949 22
112  78.24656898  015.50439077  78.24648675  015.50488144 22
112  78.24614108  015.50702789  78.24607373  015.50747678 22
112  78.24578014  015.50948505  78.24567594  015.51028885
111  78.24578014  015.50948505
112  78.24578014  015.50948505  78.24574355  015.50976734 22
112  78.24565730  015.51038654  78.24562306  015.51068597
111  78.24565730  015.51038654
112  78.24565730  015.51038654  78.24559404  015.51093973 22
112  78.24549870  015.51196950  78.24547662  015.51222235
111  78.24549870  015.51196950
112  78.24549870  015.51196950  78.24546467  015.51235922 22
112  78.24526215  015.51442298  78.24510762  015.51588784 22
111  78.24496383  015.51676564 22
112  78.24475911  015.51804146  78.24465363  015.51865986
111  78.24475911  015.51804146
112  78.24475911  015.51804146  78.24466756  015.51857816 22
112  78.24452899  015.51930713  78.24448881  015.51950598
111  78.24452899  015.51930713
112  78.24452899  015.51930713  78.24444251  015.51973509 22
112  78.24428472  015.52045260  78.24415785  015.52103453
111  78.24428472  015.52045260
112  78.24428472  015.52045260  78.24416419  015.52100542 22
112  78.24400701  015.52169349  78.24397938  015.52181213
111  78.24400701  015.52169349
112  78.24400701  015.52169349  78.24395030  015.52193702 22
112  78.24373604  015.52269353  78.24365664  015.52292663 22
112  78.24325032  015.52411789  78.24319361  015.52428487
111  78.24325032  015.52411789
112  78.24325032  015.52411789  78.24321780  015.52421365 22
112  78.24298493  015.52485011  78.24288862  015.52511630
111  78.24298493  015.52485011
112  78.24298493  015.52485011  78.24291330  015.52504810 22
112  78.24280649  015.52534913  78.24277584  015.52543290
111  78.24280649  015.52534913
112  78.24280649  015.52534913  78.24273462  015.52554552 22
115  78.24255510  015.52599674
21  78.24843359  015.43213427 2 105.4 3.00 New Light Fixture 5
21  78.24762619  015.43095455 3 105.4 3.00 New Light Fixture 4
21  78.24455730  015.50110970 3 293.4 3.40 New Light Fixture 3
21  78.24377996  015.50007190 2 293.4 3.40 New Light Fixture 1
21  78.24604609  015.48509120 6 262.9 3.00 New Light Fixture 1
21  78.24580949  015.48523167 6 262.9 3.00 New Light Fixture 1
21  78.24540452  015.49363217 6 195.6 3.00 New Light Fixture 8
21  78.24514779  015.49823439 6 195.6 3.00 New Light Fixture 8
21  78.24505391  015.49994093 6 195.6 3.00 New Light Fixture 8
21  78.24528968  015.49592677 6 195.6 3.00 New Light Fixture 8
20  78.24475921  015.49668246 285.2 0 2 {@Y}C{^r}|B{^ru,@@}B{^l}|C{^lu}
20  78.24444405  015.50235375 285.2 0 2 {@Y}C{^r,@@}__
20  78.24511188  015.49027434 104.8 0 2 {@Y,^l}B{@@}__
20  78.24541202  015.48506927 285.5 0 2 {@Y}A{^r,@@}__
20  78.24589475  015.47669680 105.1 0 2 {@Y,^l}A{@@}__
20  78.24610735  015.48503508 69.8 0 2 {@Y}_{@L}A{safety,@Y}_{@@,@R}28-10{@L}A
20  78.24572802  015.48531228 259.9 0 2 {@L}A{safety,@@,@Y}____
20  78.24576007  015.48528369 259.9 0 2 {@L}A{@R}28-10
20  78.24533954  015.49354186 359.9 0 2 {@Y}_{@L}B{safety,@Y}_{@@,@R}28-10{@L}B
20  78.24524769  015.49623785 180.3 0 2 {@L}B{safety,@@,@Y}____
20  78.24524769  015.49605881 180.3 0 2 {@L}B{@R}28-10
20  78.24513698  015.49802794 1.7 0 2 {@Y}_{@L}C{safety,@Y}_{@@,@R}28-10{@L}C
20  78.24502626  015.50032939 182.0 0 2 {@L}C{safety,@@,@Y}____
20  78.24502626  015.50011455 182.0 0 2 {@L}C{@R}28-10
14  78.24653135  015.49524580 66 0 Svalbard Longyear
1300  78.24541215  015.50333627 285.2 tie_down jets|turboprops|props|helos East Parking 1
1301 C general_aviation 
1300  78.24576034  015.50376496 285.8 tie_down jets|turboprops|props|helos East Parking 2
1301 C general_aviation 
1300  78.24599611  015.49796131 105.4 gate turboprops|props Stand 1
1301 C general_aviation 
1300  78.24611311  015.49591261 105.6 gate heavy|jets|turboprops|props Stand 2
1301 E airline sas
1300  78.24645031  015.49093714 105.4 gate turboprops|props Stand 3
1301 B general_aviation 
1300  78.24652545  015.48959660 105.4 gate turboprops|props Stand 4
1301 C airline sas
19  78.24247593  015.50667167 1 New Windsock 3
19  78.24563918  015.49077888 1 New Windsock 2
19  78.24939208  015.42150075 1 New Windsock 1
1050 118100 Longyear Information
1054 119850 Longyear Information
99
